Tiempo:  100.00 ns	a =  1.0000000	b =  1.0000000	c =  1.0000000
Tiempo:  200.00 ns	a =  1.5000000	b =  1.5000000	c =  2.2500000
Tiempo:  300.00 ns	a =  1.5000000	b = -0.5000000	c = -0.7500000
